1.015816170370424480e-04
1.017840899573167421e-04
1.016499155433350625e-04
1.011982841992688708e-04
1.004545354719148259e-04
9.944991036953156603e-05
9.822118670094222965e-05
9.681020360507857378e-05
9.526328382769164106e-05
9.363056441332164525e-05
9.196524828046394177e-05
9.032279061632194294e-05
8.876003516105514918e-05
8.733431626034725737e-05
8.610254307157286984e-05
8.512028254208789586e-05
8.444085777192423419e-05
8.411447816020506277e-05
8.418741734365389718e-05
8.470125438768669787e-05
8.569219299669199764e-05
8.719047266939099683e-05
8.921988472551925975e-05
9.179740494857001277e-05
9.493295319538280503e-05
9.862928868228351600e-05
1.028820477346894467e-04
1.076799285544607221e-04
1.130050249991866872e-04
1.188333084799050778e-04
1.251352538884546533e-04
1.318766020087037744e-04
1.390192472187429457e-04
1.465222355528854965e-04
1.543428544869099067e-04
1.624377922823472893e-04
1.707643415359677813e-04
1.792816188969390619e-04
1.879517709020266797e-04
1.967411346933230156e-04
2.056213221556148902e-04
2.145701968408900780e-04
2.235727149954376731e-04
2.326216050789231581e-04
2.417178643231299845e-04
2.508710560181154434e-04
2.600993971839990330e-04
2.694296328783049501e-04
2.788967003557272367e-04
2.885431933557881866e-04
2.984186436435602718e-04
3.085786432642890565e-04
3.190838364994096239e-04
3.299988149642433546e-04
3.413909524451236473e-04
3.533292177693052381e-04
3.658830041420790477e-04
3.791210119488250718e-04
3.931102190671458343e-04
4.079149684016869092e-04
4.235961968514700624e-04
4.402108235184824803e-04
4.578113079853151734e-04
4.764453822788829564e-04
4.961559530549068805e-04
5.169811639386199652e-04
5.389546021541571745e-04
5.621056288493086984e-04
5.864598090707068105e-04
6.120394153071389252e-04
6.388639779335951452e-04
6.669508567238173523e-04
6.963158097256270202e-04
7.269735390200002994e-04
7.589381969518776755e-04
7.922238410250898423e-04
8.268448304764063669e-04
8.628161622502955293e-04
9.001537483815984448e-04
9.388746403873034305e-04
9.789972089563542864e-04
1.020541288861129920e-03
1.063528299528679853e-03
1.107981351117045014e-03
1.153925344329362205e-03
1.201387069727735029e-03
1.250395309200240564e-03
1.300980938744307307e-03
1.353177028148159697e-03
1.407018929760996606e-03
1.462544345623579102e-03
1.519793360014161680e-03
1.578808423151316842e-03
1.639634271502621440e-03
1.702317770957926689e-03
1.766907671003836115e-03
1.833454260933097381e-03
1.902008922875348361e-03
1.972623580871061492e-03
2.045350050076522389e-03
2.120239295255928972e-03
2.197340612687328706e-03
2.276700754255681775e-03
2.358363016562382147e-03
2.442366321165712149e-03
2.528744314389428424e-03
2.617524516410318133e-03
2.708727549475145255e-03
2.802366474104382200e-03
2.898446260062954947e-03
2.996963415773667289e-03
3.097905795890411925e-03
3.201252602039800742e-03
3.306974586501775382e-03
3.415034463003749875e-03
3.525387523050953296e-03
3.637982450507764014e-03
3.752762321662356237e-03
3.869665772924570698e-03
3.988628313777555293e-03
4.109583758766023089e-03
4.232465749223670443e-03
4.357209333277219099e-03
4.483752571361547187e-03
4.612038134154341877e-03
4.742014860425213842e-03
4.873639243784774408e-03
5.006876819652172038e-03
5.141703426835435124e-03
5.278106321859777836e-03
5.416085128436754458e-03
5.555652609090552634e-03
5.696835250836164259e-03
5.839673661710463419e-03
5.984222779818087687e-03
6.130551901071137552e-03
6.278744536030412063e-03
6.428898109842183690e-03
6.581123522256593361e-03
6.735544587003547759e-03
6.892297371241453731e-03
7.051529456532503598e-03
7.213399142720554671e-03
7.378074615304165348e-03
7.545733095511835201e-03
7.716559990409039942e-03
7.890748058088240327e-03
8.068496600571632010e-03
8.250010694542125531e-03
8.435500467647421077e-03
8.625180425992792776e-03
8.819268836726528241e-03
9.017987168286202559e-03
9.221559590214103985e-03
9.430212534146598796e-03
9.644174317915688716e-03
9.863674835418518444e-03
1.008894531585470544e-02
1.032021815719941747e-02
1.055772683985070105e-02
1.080170592740858047e-02
1.105239116204937908e-02
1.131001966197498626e-02
1.157483022766956325e-02
1.184706376207558982e-02
1.212696380736284253e-02
1.241477719746124191e-02
1.271075482122666946e-02
1.301515248611003102e-02
1.332823186632265365e-02
1.365026151369179257e-02
1.398151790303430418e-02
1.432228647809421877e-02
1.467286265877386364e-02
1.503355276576857913e-02
1.540467481575476423e-02
1.578655913839243849e-02
1.617954876654732754e-02
1.658399955321461505e-02
1.700027997254185616e-02
1.742877056863255045e-02
1.786986302366537493e-02
1.832395882689032834e-02
1.879146753721346041e-02
1.927280464473834706e-02
1.976838904965106530e-02
2.027864019037564983e-02
2.080397486601527623e-02
2.134480381041033853e-02
2.190152808619437105e-02
2.247453537630550793e-02
2.306419625747707647e-02
2.367086054451417870e-02
2.429485379555929372e-02
2.493647406727553598e-02
2.559598900406546279e-02
2.627363333796014014e-02
2.696960686562301437e-02
2.768407295589775732e-02
2.841715762650139782e-02
2.916894921209210040e-02
2.993949862804241163e-02
3.072882021656577270e-02
3.153689314377434993e-02
3.236366329892170768e-02
3.320904563173833479e-02
3.407292684930523369e-02
3.495516838276631344e-02
3.585560952504297794e-02
3.677407063527507458e-02
3.771035630285800300e-02
3.866425836511046266e-02
3.963555867664134841e-02
4.062403153584239618e-02
4.162944568444972016e-02
4.265156580894473998e-02
4.369015348809864724e-02
4.474496754772711721e-02
4.581576380245043489e-02
4.690229418297005293e-02
4.800430526669388631e-02
4.912153624862544005e-02
5.025371640667061074e-02
5.140056213234885790e-02
5.256177361196025244e-02
5.373703125538936004e-02
5.492599197861112309e-02
5.612828545275521525e-02
5.734351043486210497e-02
5.857123129619916380e-02
5.981097485932500291e-02
6.106222764984402945e-02
6.232443365784124528e-02
6.359699269269999955e-02
6.487925939974389933e-02
6.617054299084275393e-02
6.747010772296234415e-02
6.877717413965286908e-02
7.009092107105872882e-02
7.141048836890002971e-02
7.273498033394745765e-02
7.406346977678260335e-02
7.539500263617279763e-02
7.672860306667503294e-02
7.806327889562525435e-02
7.939802734157010156e-02
8.073184088124728264e-02
8.206371315004055977e-02
8.339264476207296217e-02
8.471764894056196815e-02
8.603775685594522438e-02
8.735202257995347552e-02
8.865952757518374971e-02
8.995938465470879053e-02
9.125074136203807640e-02
9.253278273819028066e-02
9.380473346020080927e-02
9.506585935263364706e-02
9.631546828973780450e-02
9.755291052233476534e-02
9.877757847612471387e-02
9.998890608085467258e-02
1.011863676985188532e-01
1.023694767254802462e-01
1.035377839473945460e-01
1.046908757263889517e-01
1.058283720971143899e-01
1.069499248444634593e-01
1.080552156265289637e-01
1.091439541970799787e-01
1.102158767699137620e-01
1.112707445527288674e-01
1.123083424654083284e-01
1.133284780414229170e-01
1.143309804964538490e-01
1.153156999358308371e-01
1.162825066581189698e-01
1.172312905031001190e-01
1.181619601833088784e-01
1.190744425331874135e-01
1.199686816075439533e-01
1.208446375612495377e-01
1.217022852464567095e-01
1.225416124708597621e-01
1.233626178698961212e-01
1.241653083602112656e-01
1.249496961548470925e-01
1.257157953400015182e-01
1.264636180304310464e-01
1.271931701402979620e-01
1.279044468254953715e-01
1.285974276738299782e-01
1.292720717350265558e-01
1.299283125016929274e-01
1.305660529630169875e-01
1.311851608667828906e-01
1.317854643312356966e-01
1.323667479527289581e-01
1.329287495547173681e-01
1.334711577197117138e-01
1.339936102368183835e-01
1.344956935843610313e-01
1.349769435501222969e-01
1.354368470707427718e-01
1.358748453476340268e-01
1.362903382681579512e-01
1.366826901325909893e-01
1.370512366545149352e-01
1.373952931704426894e-01
1.377141639616813185e-01
1.380071525600990168e-01
1.382735728788726526e-01
1.385127609824344519e-01
1.387240872852944507e-01
1.389069689506086391e-01
1.390608822433701541e-01
1.391853745848160018e-01
1.392800760516570979e-01
1.393447100659169491e-01
1.393791030315450485e-01
1.393831926901115958e-01
1.393570349893237525e-01
1.393008092868748549e-01
1.392148217446526337e-01
1.390995068060298101e-01
1.389554266895924595e-01
1.387832688762588584e-01
1.385838416107006976e-01
1.383580674833953528e-01
1.381069752015896823e-01
1.378316897010150588e-01
1.375334207841678591e-01
1.372134505080185862e-01
1.368731195684115554e-01
1.365138129511918874e-01
1.361369451349402071e-01
1.357439451359450377e-01
1.353362416884762720e-01
1.349152488430270524e-01
1.344823522540945504e-01
1.340388964052402765e-01
1.335861729943091658e-01
1.331254106693665618e-01
1.326577662690858750e-01
1.321843176844048617e-01
1.317060584151233948e-01
1.312238938567266144e-01
1.307386393087223153e-01
1.302510196600181192e-01
1.297616706675055187e-01
1.292711417136091501e-01
1.287798998985046073e-01
1.282883353008288374e-01
1.277967672212108052e-01
1.273054512123851234e-01
1.268145866922554543e-01
1.263243249354466247e-01
1.258347772444376178e-01
1.253460231094636612e-01
1.248581181815608537e-01
1.243711019001073476e-01
1.238850046370599672e-01
1.233998542423074551e-01
1.229156818997953066e-01
1.224325272280074456e-01
1.219504425834485317e-01
1.214694965494956119e-01
1.209897766152624871e-01
1.205113910698186463e-01
1.200344701540293907e-01
1.195591665282742522e-01
1.190856551258003410e-01
1.186141324693662374e-01
1.181448155361484176e-01
1.176779402556826781e-01
1.172137597270600240e-01
1.167525422362331450e-01
1.162945691497757061e-01
1.158401327512645351e-01
1.153895340789442975e-01
1.149430808098321627e-01
1.145010852252286299e-01
1.140638622795350082e-01
1.136317277822954386e-01
1.132049966929287443e-01
1.127839815164268789e-01
1.123689907804587551e-01
1.119603275675116194e-01
1.115582880707783608e-01
1.111631601409134168e-01
1.107752217904210551e-01
1.103947396257028979e-01
1.100219671812649180e-01
1.096571431377369871e-01
1.093004894149012390e-01
1.089522091400392106e-01
1.086124845044052073e-01
1.082814745308232907e-01
1.079593127879211467e-01
1.076461050958729682e-01
1.073419272783636275e-01
1.070468230219798339e-01
1.067608019088168020e-01
1.064838376901342393e-01
1.062158668671510375e-01
1.059567876404038933e-01
1.057064592818946075e-01
1.054647019730970553e-01
1.052312971390522989e-01
1.050059882934724770e-01
1.047884823937568904e-01
1.045784516873184827e-01
1.043755360146632477e-01
1.041793455188473744e-01
1.039894636976821107e-01
1.038054507244014490e-01
1.036268469554585681e-01
1.034531765403970682e-01
1.032839510498893415e-01
1.031186730427723075e-01
1.029568395016675492e-01
1.027979450795493271e-01
1.026414851143470780e-01
1.024869583866599432e-01
1.023338696132280734e-01
1.021817316874955445e-01
1.020300676958604824e-01
1.018784127520758614e-01
1.017263157050485867e-01
1.015733407813640271e-01
1.014190692275030309e-01
1.012631010138070331e-01
1.011050566546184554e-01
1.009445791868346237e-01
1.007813363319732536e-01
1.006150228467779101e-01
1.004453630440532985e-01
1.002721134421539068e-01
1.000950654767987086e-01
9.991404818757768092e-02
9.972893077171313125e-02
9.953962488300796552e-02
9.934608654478760403e-02
9.914831754211436698e-02
9.894636616269723850e-02
9.874032716678073085e-02
9.853034088374612587e-02
9.831659135785270065e-02
9.809930349481857381e-02
9.787873919541521806e-02
9.765519249891069231e-02
9.742898379787207075e-02
9.720045322363916884e-02
9.696995333762721547e-02
9.673784129554895139e-02
9.650447067862050199e-02
9.627018320523075823e-02
9.603530054959404094e-02
9.580011649726377643e-02
9.556488966291468157e-02
9.532983698270480755e-02
9.509512817159433695e-02
9.486088130777269034e-02
9.462715967102430792e-02
9.439396992254522889e-02
9.416126167062585650e-02
9.392892842255509689e-02
9.369680987934607408e-02
9.346469548796024207e-02
9.323232912777082437e-02
9.299941477535478285e-02
9.276562296481924430e-02
9.253059784199420268e-02
9.229396459895465588e-02
9.205533707213926775e-02
9.181432529119434860e-02
9.157054277807069598e-02
9.132361341334320481e-02
9.107317771142457719e-02
9.081889837412530919e-02
9.056046502391734698e-02
9.029759805071987944e-02
9.003005154016532896e-02
8.975761528285620960e-02
8.948011589471550897e-02
8.919741710499469456e-02
8.890941929111773057e-02
8.861605835746494408e-02
8.831730406782539733e-02
8.801315794857064723e-02
8.770365088255095698e-02
8.738884051042561385e-02
8.706880855022584853e-02
8.674365813525060365e-02
8.641351125705087899e-02
8.607850638548689148e-02
8.573879632054029476e-02
8.539454631434093002e-02
8.504593248450094400e-02
8.469314052450516161e-02
8.433636470244401662e-02
8.397580712702597261e-02
8.361167724987483840e-02
8.324419156534615394e-02
8.287357346392849877e-02
8.250005319267104953e-02
8.212386787570243041e-02
8.174526154941479106e-02
8.136448517070574149e-02
8.098179656137204085e-02
8.059746025812306036e-02
8.021174724452902194e-02
7.982493454865029203e-02
7.943730469757628865e-02
7.904914502756558992e-02
7.866074685518679999e-02
7.827240452124603620e-02
7.788441432454384916e-02
7.749707336699038218e-02
7.711067833470847122e-02
7.672552424217655986e-02
7.634190316713890256e-02
7.596010300433561624e-02
7.558040626447985744e-02
7.520308894331817484e-02
7.482841948232875351e-02
7.445665783929529546e-02
7.408805468274340389e-02
7.372285071987196015e-02
7.336127616289911391e-02
7.300355033420889705e-02
7.264988140605646572e-02
7.230046626642797070e-02
7.195549049881178050e-02
7.161512846044602865e-02
7.127954344075990156e-02
7.094888787999337199e-02
7.062330362650794113e-02
7.030292221099344874e-02
6.998786511589963344e-02
6.967824401958463976e-02
6.937416099625892674e-02
6.907570865532612625e-02
6.878297020661121308e-02
6.849601944148692168e-02
6.821492062396626588e-02
6.793972828989279511e-02
6.767048695707338080e-02
6.740723075362035910e-02
6.714998297643143266e-02
6.689875559610614086e-02
6.665354872862246094e-02
6.641435009786912647e-02
6.618113451597056052e-02
6.595386341079012560e-02
6.573248443134906138e-02
6.551693116234968972e-02
6.530712297838670022e-02
6.510296506668476757e-02
6.490434864435874751e-02
6.471115139212570144e-02
6.452323812139276749e-02
6.434046168561148582e-02
6.416266413996681017e-02
6.398967814611940252e-02
6.382132861084598152e-02
6.365743453962215137e-02
6.349781107847042583e-02
6.334227171008788293e-02
6.319063056380459786e-02
6.304270479341866906e-02
6.289831697258869980e-02
6.275729745463208553e-02
6.261948664221164695e-02
6.248473711261982172e-02
6.235291554621953669e-02
6.222390440900187752e-02
6.209760334499469375e-02
6.197393024041625981e-02
6.185282192836547011e-02
6.173423451087423075e-02
6.161814328345698033e-02
6.150454225586626800e-02
6.139344327145728614e-02
6.128487473587964501e-02
6.117887997384519744e-02
6.107551523999615872e-02
6.097484741673279973e-02
6.087695143772812317e-02
6.078190748118467157e-02
6.068979798131843295e-02
6.060070451041286999e-02
6.051470458702308541e-02
6.043186846841320375e-02
6.035225598745642267e-02
6.027591349573393348e-02
6.020287097544174681e-02
6.013313938315358043e-02
6.006670828790251770e-02
6.000354386486867614e-02
5.994358730351909831e-02
5.988675368547795308e-02
5.983293138241486953e-02
5.978198201767457448e-02
5.973374102713324002e-02
5.968801884475875841e-02
5.964460272663824059e-02
5.960325921387422260e-02
5.956373721986824715e-02
5.952577171163739994e-02
5.948908793783592996e-02
5.945340613926954065e-02
5.941844666060293323e-02
5.938393536603782386e-02
5.934960924696798534e-02
5.931522209711378307e-02
5.928055012066052454e-02
5.924539733222085325e-02
5.920960060435746797e-02
5.917303421943493486e-02
5.913561378780126526e-02
5.909729940394337772e-02
5.905809792619380605e-02
5.901806428361221907e-02
5.897730173537434062e-02
5.893596103295888761e-02
5.889423846284261299e-02
5.885237277657390242e-02
5.881064104520000030e-02
5.876935350495317290e-02
5.872884749006641175e-02
5.868948057561843706e-02
5.865162307731468239e-02
5.861565007552650003e-02
5.858193314674425833e-02
5.855083199647682923e-02
5.852268619290512675e-02
5.849780720029863768e-02
5.847647090494004912e-02
5.845891081459652500e-02
5.844531209543752520e-02
5.843580658854009152e-02
5.843046892229075001e-02
5.842931380798827706e-02
5.843229457478608252e-02
5.843930296778348382e-02
5.845017020069314534e-02
5.846466922315895348e-02
5.848251813344870764e-02
5.850338464098771285e-02
5.852689146063645015e-02
5.855262250259033602e-02
5.858012970869880959e-02
5.860894037806962248e-02
5.863856482230211248e-02
5.866850419320024379e-02
5.869825833327016462e-02
5.872733351098061161e-02
5.875524991820049725e-02
5.878154882549037341e-02
5.880579931122473236e-02
5.882760450199599894e-02
5.884660728338363817e-02
5.886249546115593367e-02
5.887500637247286561e-02
5.888393096400684062e-02
5.888911736836262290e-02
5.889047402148217536e-02
5.888797237150671104e-02
5.888164923360230535e-02
5.887160884576892600e-02
5.885802467766143575e-02
5.884114103837950749e-02
5.882127452044134952e-02
5.879881530630992614e-02
5.877422835157616182e-02
5.874805444576740310e-02
5.872091113869364748e-02
5.869349350767389534e-02
5.866657472984920796e-02
5.864100641460613661e-02
5.861771864435925961e-02
5.859771966826915479e-02
5.858209519297230550e-02
5.857200721748521272e-02
5.856869236621619484e-02
5.857345968416719645e-02
5.858768787219262308e-02
5.861282195681802309e-02
5.865036940859100906e-02
5.870189574434379887e-02
5.876901967173510377e-02
5.885340785810658920e-02
5.895676942934480191e-02
5.908085032720335195e-02
5.922742767470796227e-02
5.939830431786234655e-02
5.959530372725409947e-02
5.982026545441814641e-02
6.007504134455246558e-02
6.036149270841712627e-02
6.068148865194244318e-02
6.103690575141033914e-02
6.142962924520581347e-02
6.186155588948444306e-02
6.233459859508051065e-02
6.285069292627247506e-02
6.341180549923361442e-02
6.401994426903140356e-02
6.467717063977214409e-02
6.538561327307573778e-02
6.614748340649917457e-02
6.696509142617786126e-02
6.784086436814253107e-02
6.877736395101656519e-02
6.977730467046133755e-02
7.084357141403152536e-02
7.197923598517196042e-02
7.318757185870354565e-02
7.447206642884773853e-02
7.583642995647274510e-02
7.728460037695586426e-02
7.882074309620053232e-02
8.044924488196454615e-02
8.217470095401969987e-02
8.400189439202081221e-02
8.593576701739176482e-02
8.798138096800345309e-02
9.014387027450776468e-02
9.242838186775659270e-02
9.484000559966297705e-02
9.738369304719297903e-02
1.000641650914168707e-01
1.028858085212540491e-01
1.058525622026724872e-01
1.089677936772648348e-01
1.122341674037803383e-01
1.156535062280667769e-01
1.192266480518373306e-01
1.229533000606157084e-01
1.268318932537176313e-01
1.308594403824148156e-01
1.350314007312091169e-01
1.393415554571056925e-01
1.437818974165813168e-01
1.483425395438148497e-01
1.530116458824403169e-01
1.577753893016772546e-01
1.626179397362396972e-01
1.675214864686387362e-01
1.724662975176279311e-01
1.774308186079537608e-01
1.823918134775084909e-01
1.873245464395797699e-01
1.922030071733667744e-01
1.970001766870897453e-01
2.016883323088773383e-01
2.062393884409799427e-01
2.106252686955846498e-01
2.148183039508160808e-01
2.187916498597912152e-01
2.225197164501103719e-01
2.259786017003043157e-01
2.291465204050154025e-01
2.320042192686893046e-01
2.345353690190888907e-01
2.367269244217902469e-01
2.385694434101451322e-01
2.400573571218783120e-01
2.411891834423695313e-01
2.419676776782540006e-01
2.423999151991967083e-01
2.424973022568122916e-01
2.422755126832150108e-01
2.417543497456199064e-01
2.409575340459237935e-01
2.399124199612313046e-01
2.386496446822397866e-01
2.372027153793641041e-01
2.356075413783161043e-01
2.339019194243015798e-01
2.321249811333593038e-01
2.303166125507066231e-01
2.285168563463939873e-01
2.267653075704749999e-01
2.251005140624859624e-01
2.235593925649471403e-01
2.221766713364790868e-01
2.209843696054249462e-01
2.200113235633540665e-01
2.192827677822399846e-01
2.188199799649701849e-01
2.186399958202129568e-01
2.187553996070585871e-01
2.191741945353973264e-01
2.198997557539317249e-01
2.209308671249916312e-01
2.222618413942037963e-01
2.238827217350990162e-01
2.257795610088202121e-01
2.279347734550725701e-01
2.303275519537551497e-01
2.329343425031891734e-01
2.357293661870446533e-01
2.386851776896904698e-01
2.417732484079710420e-01
2.449645614386095349e-01
2.482302052301784967e-01
2.515419525120544675e-01
2.548728112735254570e-01
2.581975350853280005e-01
2.614930809352967178e-01
2.647390039873055989e-01
2.679177802469289160e-01
2.710150499943183022e-01
2.740197769792805937e-01
2.769243207026265141e-01
2.797244215623621022e-01
2.824191011419432407e-01
2.850104823741916316e-01
2.875035366415034654e-01
2.899057669834208539e-01
2.922268383953156579e-01
2.944781676463802400e-01
2.966724860622705351e-01
2.988233892666801728e-01
3.009448879337802141e-01
3.030509731661045758e-01
3.051552092003175232e-01
3.072703647934053039e-01
3.094080929121043044e-01
3.115786663140902024e-01
3.137907743546994865e-01
3.160513839769847344e-01
3.183656654424278920e-01
3.207369810369595786e-01
3.231669328336228553e-01
3.256554636965459104e-01
3.282010041372465103e-01
3.308006564417170781e-01
3.334504067052803666e-01
3.361453550571796844e-01
3.388799544226488991e-01
3.416482486258188289e-01
3.444441014435404291e-01
3.472614093141705438e-01
3.500942917211315453e-01
3.529372547286842576e-01
3.557853246695709681e-01
3.586341504938752034e-01
3.614800747132740910e-01
3.643201741543327099e-01
3.671522728159912208e-01
3.699749299791226242e-01
3.727874073131783317e-01
3.755896190680146907e-01
3.783820695315953664e-01
3.811657818013253762e-01
3.839422215926756587e-01
3.867132193302623144e-01
3.894808931829638055e-01
3.922475750623639068e-01
3.950157409487135007e-01
3.977879462849630565e-01
4.005667666222875734e-01
4.033547432388187581e-01
4.061543331108830590e-01
4.089678623964140280e-01
4.117974825030392694e-01
4.146451278475699609e-01
4.175124745550290450e-01
4.204008995766980172e-01
4.233114400027179758e-01
4.262447526799552633e-01
4.292010745907207103e-01
4.321801847836693744e-01
4.351813689426371479e-01
4.382033879203202642e-01
4.412444517313696135e-01
4.443022005862289903e-01
4.473736945441202928e-01
4.504554132752051077e-01
4.535432672448181934e-01
4.566326213819132396e-01
4.597183319765091869e-01
4.627947971779661218e-01
4.658560210611834562e-01
4.688956907960177833e-01
4.719072660228903482e-01
4.748840791169353093e-01
4.778194446230304426e-01
4.807067757957768639e-01
4.835397058695458661e-01
4.863122114493380055e-01
4.890187352409726684e-01
4.916543052477456710e-01
4.942146475456855592e-01
4.966962898165546147e-01
4.990966529603397817e-01
5.014141283282859129e-01
5.036481384026054720e-01
5.057991790961894329e-01
5.078688422418577986e-01
5.098598172779227333e-01
5.117758716010394338e-01
5.136218095376580139e-01
5.154034103676468082e-01
5.171273463074006482e-01
5.188010818104141775e-01
5.204327559624362110e-01
5.220310501238510925e-01
5.236050432978013314e-01
5.251640579699535794e-01
5.267174993717058662e-01
5.282746912583820009e-01
5.298447113683134591e-01
5.314362297361786558e-01
5.330573529769705443e-01
5.347154775405547067e-01
5.364171547617599956e-01
5.381679703057242747e-01
5.399724403349088764e-01
5.418339264124839572e-01
5.437545708081872320e-01
5.457352534954246215e-01
5.477755717296918236e-01
5.498738426771456744e-01
5.520271291336042996e-01
5.542312879340751675e-01
5.564810402129568567e-01
5.587700622389403238e-01
5.610910951219179044e-01
5.634360712791149917e-01
5.657962551625215220e-01
5.681623953936827398e-01
5.705248851384133735e-01
5.728739272856968601e-01
5.751997007852911459e-01
5.774925243530424357e-01
5.797430136793935151e-01
5.819422282834201265e-01
5.840818042452905479e-01
5.861540692290112542e-01
5.881521364756220338e-01
5.900699748028064295e-01
5.919024520883773288e-01
5.936453502325410581e-01
5.952953501801014902e-01
5.968499862286056334e-01
5.983075695309975073e-01
5.996670814176169317e-01
6.009280378819492618e-01
6.020903272914995830e-01
6.031540240756482207e-01
6.041191817908682093e-01
6.049856095580654625e-01
6.057526363886083232e-01
6.064188683580550299e-01
6.069819439388026705e-01
6.074382930587670648e-01
6.077829056094391502e-01
6.080091151822710760e-01
6.081084037657000785e-01
6.080702329915522730e-01
6.078819072778356425e-01
6.075284738807624763e-01
6.069926644458334408e-01
6.062548821354716289e-01
6.052932378152291459e-01
6.040836381012739675e-01
6.025999273092788044e-01
6.008140845040845779e-01
5.986964759272829228e-01
5.962161620833572595e-01
5.933412576995056309e-01
5.900393416466834795e-01
5.862779127329680318e-01
5.820248860763360677e-01
5.772491235472724247e-01
5.719209905793944948e-01
5.660129305039945935e-01
5.595000465140542723e-01
5.523606804444056717e-01
5.445769768108679187e-01
5.361354200237452572e-01
5.270273324241795398e-01
5.172493208186426106e-01
5.068036595398076605e-01
4.956985987603530486e-01
4.839485878397717378e-01
4.715744048899881968e-01
4.586031854859310419e-01
4.450683454893141211e-01
4.310093952539401085e-01
4.164716449760220152e-01
4.015058035752287480e-01
3.861674761593387184e-01
3.705165677512534117e-01
3.546166034537024392e-01
3.385339775054250766e-01
3.223371456604397500e-01
